1
1
1
1
1
1
1
1
1
1
1
1
1
1
1
1
1
2.5
1
1
1
1
2.5
1
1
1
1
1
1
1
1
1
1
1
1
1
1
1
1
1
1
1
1
1
1
1
1
1
1
1
1
1
1
1
1
1
1
1
1
1
1
1
1
1
1
1
1
1
1
1
300
500
500
300
1
1
1
1
1
1
1
1
1
1
1
1
1
1
1
1
1
1
1
1
1
1
1
1
1
1
1
1
1
1
1
1
1
1
1
1
1
500
1
1
500
1
1
1
1
500
500
1
1
1
1
1
1
1
500
1
500
500
200
300
1
1
300
1
300
300
1
300
1
1
1
500
500
300
300
300
300
300
300
300
300
1
2
1
200
1
1
1
1
300
300
1
1
4
200
1
1
1
1
2
500
500
1
1
1
1
1
1
2
1
1
1
1
1
1
1
1
1
1
1
1
1
1
1
1
1
1
1
1
1
1
1
1
1
1
1
1
1
1
1
1
1
1
1
1
1
1
1
1
1
1
1
1
1
1
1
1
1
1
1
1
1
1
1
1
1
1
1
1
